1.412864160911386779e-01
1.398670821050943536e-01
1.535784028484699359e-01
1.584784132284688674e-01
1.725600637053192610e-01
1.844546470164867280e-01
8.622222945046506548e-02
2.160324065320411158e-01
1.627688274964933790e-01
1.420130105102815066e-01
1.288053776979826703e-01
1.371558699753011035e-01
2.037009536922169683e-01
1.072559998087096178e-01
1.288053776979826703e-01
1.171257863824092110e-01
1.218481839488745055e-01
1.812425985717740218e-01
1.037424695265326408e-01
1.435015996275931516e-01
1.450395919471076933e-01
2.014883378422740456e-01
2.160324065320411158e-01
2.277843569713007554e-01
1.293505375501246835e-01
1.261820773496234449e-01
2.380458246587015547e-01
1.060445159915887614e-01
1.316046829316960265e-01
1.650541056694791175e-01
1.616624511634945915e-01
2.014883378422740456e-01
1.797006009567578833e-01
1.339847529227276290e-01
1.564607779473259352e-01
1.686773071518844203e-01
2.108250436681802786e-01
1.861287729785335576e-01
1.405712058225543626e-01
1.574595614586567216e-01
1.650541056694791175e-01
2.037009536922169683e-01
1.797006009567578833e-01
1.316046829316960265e-01
1.650541056694791175e-01
1.725600637053192610e-01
2.277843569713007554e-01
2.014883378422740456e-01
1.458279898677237729e-01
1.043035742581401165e-01
1.078779110122194962e-01
1.122098930761306762e-01
1.196301591729080904e-01
1.246850351444333538e-01
1.051629836858326422e-01
1.054543227544119249e-01
1.147761185840323744e-01
1.196301591729080904e-01
1.933337163689269056e-01
1.256769185276015166e-01
1.420130105102815066e-01
1.535784028484699359e-01
1.564607779473259352e-01
1.650541056694791175e-01
1.753088343679930494e-01
1.797006009567578833e-01
2.277843569713007554e-01
1.972794599414478822e-01
1.914510498572825348e-01
2.187919136626385597e-01
1.333772836330271716e-01
1.499794841864816874e-01
1.223071981435942673e-01
1.091557239710744392e-01
1.378184139701698341e-01
1.405712058225543626e-01
1.739175370731564640e-01
1.767354035751477759e-01
1.595180233891349553e-01
2.037009536922169683e-01
1.352257972311266820e-01
1.584784132284688674e-01
1.753088343679930494e-01
1.650541056694791175e-01
2.277843569713007554e-01
1.797006009567578833e-01
2.344660539504568597e-01
1.420130105102815066e-01
1.384909576624857863e-01
1.584784132284688674e-01
2.310496064156729590e-01
1.605791159903127707e-01
1.192012928666077443e-01
1.132879070844923647e-01
1.828266235132876283e-01
1.474454655823333460e-01
1.175319872731462045e-01
1.662348208808910599e-01
1.616624511634945915e-01
1.535784028484699359e-01
1.200638148723082999e-01
1.933337163689269056e-01
1.861287729785335576e-01
1.686773071518844203e-01
2.014883378422740456e-01
1.914510498572825348e-01
3.718905951823716083e-01
1.554814044525008876e-01
1.564607779473259352e-01
1.812425985717740218e-01
1.051629836858326422e-01
1.828266235132876283e-01
1.365030775299126142e-01
1.327782447163810553e-01
2.310496064156729590e-01
2.133790159063150005e-01
1.517458604535284195e-01
1.412864160911386779e-01
1.365030775299126142e-01
1.554814044525008876e-01
2.108250436681802786e-01
1.450395919471076933e-01
1.136543888725610602e-01
1.175319872731462045e-01
1.933337163689269056e-01
1.650541056694791175e-01
2.542940098924093006e-01
1.223071981435942673e-01
1.159326327110720839e-01
1.405712058225543626e-01
1.482753405259566726e-01
1.595180233891349553e-01
1.753088343679930494e-01
1.535784028484699359e-01
1.179425576064160319e-01
1.304625790507986938e-01
2.059913872872758955e-01
1.450395919471076933e-01
1.595180233891349553e-01
2.277843569713007554e-01
1.384909576624857863e-01
2.160324065320411158e-01
1.209458599347165569e-01
1.993491810752180682e-01
1.650541056694791175e-01
2.418024365000537579e-01
2.059913872872758955e-01
1.293505375501246835e-01
1.218481839488745055e-01
1.412864160911386779e-01
1.499794841864816874e-01
1.574595614586567216e-01
1.277359986624577726e-01
1.021131553537109188e-01
9.216194069555425084e-02
9.630155099869094903e-02
1.196301591729080904e-01
1.564607779473259352e-01
3.009173869476540752e-01
1.896244827986173775e-01
1.442642487074128066e-01
1.781987815039824397e-01
1.442642487074128066e-01
2.310496064156729590e-01
1.725600637053192610e-01
2.380458246587015547e-01
1.088319136703271850e-01
1.101452192949964604e-01
1.187771275506555452e-01
1.282672485507077575e-01
1.327782447163810553e-01
1.466298175842409846e-01
1.371558699753011035e-01
1.140245428936288857e-01
1.069491462255109521e-01
1.358597970665593457e-01
1.450395919471076933e-01
1.526536014766384508e-01
1.584784132284688674e-01
1.878512496841523161e-01
1.993491810752180682e-01
2.133790159063150005e-01
2.216648843686498394e-01
2.344660539504568597e-01
1.088319136703271850e-01
1.159326327110720839e-01
1.712350486106741509e-01
1.605791159903127707e-01
2.059913872872758955e-01
1.391737581888588815e-01
1.797006009567578833e-01
1.517458604535284195e-01
1.574595614586567216e-01
2.380458246587015547e-01
2.059913872872758955e-01
2.246593970989189948e-01
1.192012928666077443e-01
1.218481839488745055e-01
1.293505375501246835e-01
1.371558699753011035e-01
1.482753405259566726e-01
1.405712058225543626e-01
1.378184139701698341e-01
1.179425576064160319e-01
9.956376871653167815e-02
1.213944382287484997e-01
1.638990845595163781e-01
1.595180233891349553e-01
1.650541056694791175e-01
1.739175370731564640e-01
1.972794599414478822e-01
2.083643692201586628e-01
2.277843569713007554e-01
2.344660539504568597e-01
1.427512980498841511e-01
1.638990845595163781e-01
1.699412025266125170e-01
1.650541056694791175e-01
2.037009536922169683e-01
1.171257863824092110e-01
1.896244827986173775e-01
1.554814044525008876e-01
1.595180233891349553e-01
2.344660539504568597e-01
1.933337163689269056e-01
1.844546470164867280e-01
1.427512980498841511e-01
1.499794841864816874e-01
1.535784028484699359e-01
1.767354035751477759e-01
1.844546470164867280e-01
1.797006009567578833e-01
1.650541056694791175e-01
1.018491619335818582e-01
1.200638148723082999e-01
1.627688274964933790e-01
1.517458604535284195e-01
1.595180233891349553e-01
1.574595614586567216e-01
1.638990845595163781e-01
1.812425985717740218e-01
1.878512496841523161e-01
2.133790159063150005e-01
2.246593970989189948e-01
2.380458246587015547e-01
1.384909576624857863e-01
1.171257863824092110e-01
1.241980610123436246e-01
1.466298175842409846e-01
1.972794599414478822e-01
9.457837068209370979e-02
1.129250366230343944e-01
1.147761185840323744e-01
2.277843569713007554e-01
1.674422102083564234e-01
1.564607779473259352e-01
1.187771275506555452e-01
1.200638148723082999e-01
1.526536014766384508e-01
2.083643692201586628e-01
9.674759604937717417e-02
1.143984315086073178e-01
1.171257863824092110e-01
1.026475043261423220e-01
2.108250436681802786e-01
1.574595614586567216e-01
1.266935534711697287e-01
1.304625790507986938e-01
1.339847529227276290e-01
1.526536014766384508e-01
1.605791159903127707e-01
1.674422102083564234e-01
1.554814044525008876e-01
9.158679504033039043e-02
9.586174907533435985e-02
1.545208127386396568e-01
9.274829053015175295e-02
9.586174907533435985e-02
1.085110375604946553e-01
1.398670821050943536e-01
8.921561463552489524e-02
9.196899843501964156e-02
9.235612772862873687e-02
1.256769185276015166e-01
1.091557239710744392e-01
9.674759604937717417e-02
1.010695712942047270e-01
9.956376871653167815e-02
1.125657179958584608e-01
1.458279898677237729e-01
1.993491810752180682e-01
9.608087885163067721e-02
9.500029741157083041e-02
1.781987815039824397e-01
1.223071981435942673e-01
1.072559998087096178e-01
1.021131553537109188e-01
9.630155099869094903e-02
1.040218604010902242e-01
1.104812307352426581e-01
1.167238772104015748e-01
1.378184139701698341e-01
2.310496064156729590e-01
1.686773071518844203e-01
1.535784028484699359e-01
2.380458246587015547e-01
1.040218604010902242e-01
1.060445159915887614e-01
1.094825138889552046e-01
1.155431513539150745e-01
1.209458599347165569e-01
1.266935534711697287e-01
2.059913872872758955e-01
1.797006009567578833e-01
1.662348208808910599e-01
2.380458246587015547e-01
1.069491462255109521e-01
1.098123298479565801e-01
1.237169047709562458e-01
1.491198661516720814e-01
1.972794599414478822e-01
1.125657179958584608e-01
1.136543888725610602e-01
1.699412025266125170e-01
9.956376871653167815e-02
8.818276709941359759e-02
1.272114811400314738e-01
1.227715846710340369e-01
1.346008545178405402e-01
1.277359986624577726e-01
1.272114811400314738e-01
1.321874408249595345e-01
1.321874408249595345e-01
1.412864160911386779e-01
1.878512496841523161e-01
9.416213272036669246e-02
1.015872516947343290e-01
1.043035742581401165e-01
1.200638148723082999e-01
1.251779466581048883e-01
1.241980610123436246e-01
9.314559778913893140e-02
1.767354035751477759e-01
1.914510498572825348e-01
2.380458246587015547e-01
1.088319136703271850e-01
1.140245428936288857e-01
1.179425576064160319e-01
1.327782447163810553e-01
1.391737581888588815e-01
1.391737581888588815e-01
9.956376871653167815e-02
1.828266235132876283e-01
2.216648843686498394e-01
1.037424695265326408e-01
1.129250366230343944e-01
1.159326327110720839e-01
1.277359986624577726e-01
1.972794599414478822e-01
1.155431513539150745e-01
1.213944382287484997e-01
1.209458599347165569e-01
2.344660539504568597e-01
1.616624511634945915e-01
1.584784132284688674e-01
1.125657179958584608e-01
1.183575771043766101e-01
1.282672485507077575e-01
2.037009536922169683e-01
9.859729439830497433e-02
1.282672485507077575e-01
1.310297880622490474e-01
2.160324065320411158e-01
2.160324065320411158e-01
1.878512496841523161e-01
1.155431513539150745e-01
1.122098930761306762e-01
1.192012928666077443e-01
1.266935534711697287e-01
1.321874408249595345e-01
1.365030775299126142e-01
1.499794841864816874e-01
1.828266235132876283e-01
8.974611797768460020e-02
1.115084984795342293e-01
1.358597970665593457e-01
1.365030775299126142e-01
1.595180233891349553e-01
2.344660539504568597e-01
1.081930511796047323e-01
1.288053776979826703e-01
1.256769185276015166e-01
1.972794599414478822e-01
1.699412025266125170e-01
1.333772836330271716e-01
1.261820773496234449e-01
1.246850351444333538e-01
1.427512980498841511e-01
2.014883378422740456e-01
9.177728759876327413e-02
1.140245428936288857e-01
1.200638148723082999e-01
1.896244827986173775e-01
1.753088343679930494e-01
1.333772836330271716e-01
1.205023507244899345e-01
1.237169047709562458e-01
1.293505375501246835e-01
1.427512980498841511e-01
1.508546553550186298e-01
1.398670821050943536e-01
9.812472006916798939e-02
2.246593970989189948e-01
2.380458246587015547e-01
1.187771275506555452e-01
1.205023507244899345e-01
1.183575771043766101e-01
1.218481839488745055e-01
1.261820773496234449e-01
1.316046829316960265e-01
1.508546553550186298e-01
1.952754538469089196e-01
1.192012928666077443e-01
2.160324065320411158e-01
1.595180233891349553e-01
1.000580322907348996e-01
9.395610695605878526e-02
1.605791159903127707e-01
1.972794599414478822e-01
2.014883378422740456e-01
1.063434430891553872e-01
9.907691775410461255e-02
1.192012928666077443e-01
1.167238772104015748e-01
1.712350486106741509e-01
1.000580322907348996e-01
9.395610695605878526e-02
1.605791159903127707e-01
1.972794599414478822e-01
2.014883378422740456e-01
1.063434430891553872e-01
9.907691775410461255e-02
1.192012928666077443e-01
1.167238772104015748e-01
1.712350486106741509e-01
1.251779466581048883e-01
1.167238772104015748e-01
1.412864160911386779e-01
1.616624511634945915e-01
1.952754538469089196e-01
1.288053776979826703e-01
1.266935534711697287e-01
1.545208127386396568e-01
1.686773071518844203e-01
2.108250436681802786e-01
1.491198661516720814e-01
2.344660539504568597e-01
1.972794599414478822e-01
1.686773071518844203e-01
1.627688274964933790e-01
1.535784028484699359e-01
1.066449737095662292e-01
1.000580322907348996e-01
1.739175370731564640e-01
1.564607779473259352e-01
2.499085002271525802e-01
9.931942837586318906e-02
1.029179175201620083e-01
1.797006009567578833e-01
1.442642487074128066e-01
2.745937195696213085e-01
1.066449737095662292e-01
1.091557239710744392e-01
9.907691775410461255e-02
1.057481548254787795e-01
2.014883378422740456e-01
1.299028842962318686e-01
1.627688274964933790e-01
2.216648843686498394e-01
2.457510075404487626e-01
1.627688274964933790e-01
1.304625790507986938e-01
1.352257972311266820e-01
1.246850351444333538e-01
2.457510075404487626e-01
1.241980610123436246e-01
1.200638148723082999e-01
1.316046829316960265e-01
1.205023507244899345e-01
2.310496064156729590e-01
1.616624511634945915e-01
1.200638148723082999e-01
1.060445159915887614e-01
1.491198661516720814e-01
1.650541056694791175e-01
2.059913872872758955e-01
1.266935534711697287e-01
1.993491810752180682e-01
2.037009536922169683e-01
2.745937195696213085e-01
4.029690864243408721e-01
1.277359986624577726e-01
1.132879070844923647e-01
1.378184139701698341e-01
1.564607779473259352e-01
1.896244827986173775e-01
2.310496064156729590e-01
1.584784132284688674e-01
2.133790159063150005e-01
1.365030775299126142e-01
1.861287729785335576e-01
1.098123298479565801e-01
1.136543888725610602e-01
1.686773071518844203e-01
2.457510075404487626e-01
3.087919759836025846e-01
1.051629836858326422e-01
1.085110375604946553e-01
1.952754538469089196e-01
1.686773071518844203e-01
2.037009536922169683e-01
1.310297880622490474e-01
1.420130105102815066e-01
1.638990845595163781e-01
1.993491810752180682e-01
2.014883378422740456e-01
2.216648843686498394e-01
2.457510075404487626e-01
2.542940098924093006e-01
1.122098930761306762e-01
1.458279898677237729e-01
1.187771275506555452e-01
1.223071981435942673e-01
1.333772836330271716e-01
1.797006009567578833e-01
1.209458599347165569e-01
1.118575050716351799e-01
1.183575771043766101e-01
1.797006009567578833e-01
1.277359986624577726e-01
2.805080715518764589e-01
1.272114811400314738e-01
1.209458599347165569e-01
1.299028842962318686e-01
1.371558699753011035e-01
1.554814044525008876e-01
1.686773071518844203e-01
2.457510075404487626e-01
1.304625790507986938e-01
1.241980610123436246e-01
2.457510075404487626e-01
9.836013702305511364e-02
1.088319136703271850e-01
1.256769185276015166e-01
1.442642487074128066e-01
1.797006009567578833e-01
1.256769185276015166e-01
2.344660539504568597e-01
1.828266235132876283e-01
2.638382359278675926e-01
2.805080715518764589e-01
1.132879070844923647e-01
1.205023507244899345e-01
2.187919136626385597e-01
2.542940098924093006e-01
1.205023507244899345e-01
1.078779110122194962e-01
1.155431513539150745e-01
1.686773071518844203e-01
2.310496064156729590e-01
2.638382359278675926e-01
1.115084984795342293e-01
1.171257863824092110e-01
1.159326327110720839e-01
1.187771275506555452e-01
1.256769185276015166e-01
1.378184139701698341e-01
1.914510498572825348e-01
2.638382359278675926e-01
1.554814044525008876e-01
1.993491810752180682e-01
1.088319136703271850e-01
1.143984315086073178e-01
1.179425576064160319e-01
1.136543888725610602e-01
1.200638148723082999e-01
1.282672485507077575e-01
1.384909576624857863e-01
1.699412025266125170e-01
1.499794841864816874e-01
1.535784028484699359e-01
1.371558699753011035e-01
1.517458604535284195e-01
1.605791159903127707e-01
1.828266235132876283e-01
2.037009536922169683e-01
2.344660539504568597e-01
1.321874408249595345e-01
1.972794599414478822e-01
1.435015996275931516e-01
1.051629836858326422e-01
1.088319136703271850e-01
1.140245428936288857e-01
1.321874408249595345e-01
1.420130105102815066e-01
1.605791159903127707e-01
2.160324065320411158e-01
2.344660539504568597e-01
2.638382359278675926e-01
1.094825138889552046e-01
1.159326327110720839e-01
1.187771275506555452e-01
1.179425576064160319e-01
1.241980610123436246e-01
1.321874408249595345e-01
1.427512980498841511e-01
1.564607779473259352e-01
1.686773071518844203e-01
2.014883378422740456e-01
1.327782447163810553e-01
1.060445159915887614e-01
1.122098930761306762e-01
1.159326327110720839e-01
1.266935534711697287e-01
1.352257972311266820e-01
1.914510498572825348e-01
1.088319136703271850e-01
1.627688274964933790e-01
1.261820773496234449e-01
1.574595614586567216e-01
1.072559998087096178e-01
1.118575050716351799e-01
1.147761185840323744e-01
1.237169047709562458e-01
1.327782447163810553e-01
1.828266235132876283e-01
1.914510498572825348e-01
1.554814044525008876e-01
1.241980610123436246e-01
1.466298175842409846e-01
1.136543888725610602e-01
1.167238772104015748e-01
1.316046829316960265e-01
1.277359986624577726e-01
2.083643692201586628e-01
2.690492016132288167e-01
3.009173869476540752e-01
1.972794599414478822e-01
1.081930511796047323e-01
2.868338449295498305e-01
1.205023507244899345e-01
1.200638148723082999e-01
1.218481839488745055e-01
1.251779466581048883e-01
1.232414502899591424e-01
1.104812307352426581e-01
9.158679504033039043e-02
2.037009536922169683e-01
1.861287729785335576e-01
1.699412025266125170e-01
1.140245428936288857e-01
1.151576695296698122e-01
1.175319872731462045e-01
1.163261839602009046e-01
1.179425576064160319e-01
1.196301591729080904e-01
2.589291060060817107e-01
2.083643692201586628e-01
1.638990845595163781e-01
1.554814044525008876e-01
1.192012928666077443e-01
1.251779466581048883e-01
1.246850351444333538e-01
1.310297880622490474e-01
1.365030775299126142e-01
1.508546553550186298e-01
1.627688274964933790e-01
1.686773071518844203e-01
1.739175370731564640e-01
1.861287729785335576e-01
1.151576695296698122e-01
1.205023507244899345e-01
1.200638148723082999e-01
1.251779466581048883e-01
1.288053776979826703e-01
1.391737581888588815e-01
1.435015996275931516e-01
1.554814044525008876e-01
1.605791159903127707e-01
2.037009536922169683e-01
1.091557239710744392e-01
1.115084984795342293e-01
1.111628190519907411e-01
1.179425576064160319e-01
1.232414502899591424e-01
1.091557239710744392e-01
1.508546553550186298e-01
1.535784028484699359e-01
1.686773071518844203e-01
1.595180233891349553e-01
1.088319136703271850e-01
1.122098930761306762e-01
2.638382359278675926e-01
2.457510075404487626e-01
3.869753879400225083e-01
1.026475043261423220e-01
1.034653696004787377e-01
2.310496064156729590e-01
2.216648843686498394e-01
4.029690864243408721e-01
1.026475043261423220e-01
1.051629836858326422e-01
2.187919136626385597e-01
2.344660539504568597e-01
3.869753879400225083e-01
1.069491462255109521e-01
1.081930511796047323e-01
2.499085002271525802e-01
2.216648843686498394e-01
4.029690864243408721e-01
1.108204137535633155e-01
1.118575050716351799e-01
2.418024365000537579e-01
2.638382359278675926e-01
3.966866287895577936e-01
1.054543227544119249e-01
1.088319136703271850e-01
2.418024365000537579e-01
2.277843569713007554e-01
4.029690864243408721e-01
1.115084984795342293e-01
1.159326327110720839e-01
1.159326327110720839e-01
1.241980610123436246e-01
1.304625790507986938e-01
1.427512980498841511e-01
1.584784132284688674e-01
1.753088343679930494e-01
2.083643692201586628e-01
1.427512980498841511e-01
1.088319136703271850e-01
1.101452192949964604e-01
1.118575050716351799e-01
1.159326327110720839e-01
1.241980610123436246e-01
1.333772836330271716e-01
1.554814044525008876e-01
1.650541056694791175e-01
2.133790159063150005e-01
1.251779466581048883e-01
1.101452192949964604e-01
1.140245428936288857e-01
1.187771275506555452e-01
1.129250366230343944e-01
1.241980610123436246e-01
1.304625790507986938e-01
1.420130105102815066e-01
1.526536014766384508e-01
1.712350486106741509e-01
2.037009536922169683e-01
1.200638148723082999e-01
1.159326327110720839e-01
1.200638148723082999e-01
1.304625790507986938e-01
1.365030775299126142e-01
1.405712058225543626e-01
1.474454655823333460e-01
1.739175370731564640e-01
2.083643692201586628e-01
2.589291060060817107e-01
1.159326327110720839e-01
1.196301591729080904e-01
1.187771275506555452e-01
1.310297880622490474e-01
1.352257972311266820e-01
1.427512980498841511e-01
1.797006009567578833e-01
2.160324065320411158e-01
2.499085002271525802e-01
1.256769185276015166e-01
1.261820773496234449e-01
1.205023507244899345e-01
1.256769185276015166e-01
1.299028842962318686e-01
1.327782447163810553e-01
1.371558699753011035e-01
1.508546553550186298e-01
1.753088343679930494e-01
1.725600637053192610e-01
2.083643692201586628e-01
1.122098930761306762e-01
1.183575771043766101e-01
1.358597970665593457e-01
1.427512980498841511e-01
1.952754538469089196e-01
2.589291060060817107e-01
1.209458599347165569e-01
1.358597970665593457e-01
1.699412025266125170e-01
1.412864160911386779e-01
1.091557239710744392e-01
1.171257863824092110e-01
1.205023507244899345e-01
1.277359986624577726e-01
1.299028842962318686e-01
1.310297880622490474e-01
1.352257972311266820e-01
1.508546553550186298e-01
2.014883378422740456e-01
2.310496064156729590e-01
1.167238772104015748e-01
1.241980610123436246e-01
1.282672485507077575e-01
1.398670821050943536e-01
1.450395919471076933e-01
1.526536014766384508e-01
1.896244827986173775e-01
2.638382359278675926e-01
1.223071981435942673e-01
1.491198661516720814e-01
1.213944382287484997e-01
1.251779466581048883e-01
1.288053776979826703e-01
1.412864160911386779e-01
1.526536014766384508e-01
1.605791159903127707e-01
1.725600637053192610e-01
1.739175370731564640e-01
2.014883378422740456e-01
2.499085002271525802e-01
1.163261839602009046e-01
1.183575771043766101e-01
1.213944382287484997e-01
1.391737581888588815e-01
1.499794841864816874e-01
1.584784132284688674e-01
1.712350486106741509e-01
1.844546470164867280e-01
2.059913872872758955e-01
1.140245428936288857e-01
1.200638148723082999e-01
1.167238772104015748e-01
1.200638148723082999e-01
1.293505375501246835e-01
1.327782447163810553e-01
1.384909576624857863e-01
1.458279898677237729e-01
1.526536014766384508e-01
1.508546553550186298e-01
1.952754538469089196e-01
1.200638148723082999e-01
1.232414502899591424e-01
1.310297880622490474e-01
1.371558699753011035e-01
1.499794841864816874e-01
2.014883378422740456e-01
2.542940098924093006e-01
1.339847529227276290e-01
2.542940098924093006e-01
2.380458246587015547e-01
1.299028842962318686e-01
1.246850351444333538e-01
1.310297880622490474e-01
1.371558699753011035e-01
1.391737581888588815e-01
1.482753405259566726e-01
1.674422102083564234e-01
1.739175370731564640e-01
1.828266235132876283e-01
2.380458246587015547e-01
1.129250366230343944e-01
1.147761185840323744e-01
1.163261839602009046e-01
1.205023507244899345e-01
1.246850351444333538e-01
1.327782447163810553e-01
1.662348208808910599e-01
1.739175370731564640e-01
1.878512496841523161e-01
1.196301591729080904e-01
1.101452192949964604e-01
1.147761185840323744e-01
1.192012928666077443e-01
1.458279898677237729e-01
1.878512496841523161e-01
1.078779110122194962e-01
2.246593970989189948e-01
1.896244827986173775e-01
3.365969130482835414e-01
1.078779110122194962e-01
1.159326327110720839e-01
1.171257863824092110e-01
1.316046829316960265e-01
1.844546470164867280e-01
2.277843569713007554e-01
1.405712058225543626e-01
1.952754538469089196e-01
3.365969130482835414e-01
3.966866287895577936e-01
1.442642487074128066e-01
2.805080715518764589e-01
3.718905951823716083e-01
4.029690864243408721e-01
1.094825138889552046e-01
1.115084984795342293e-01
1.627688274964933790e-01
2.059913872872758955e-01
1.662348208808910599e-01
1.200638148723082999e-01
1.125657179958584608e-01
1.508546553550186298e-01
1.712350486106741509e-01
1.266935534711697287e-01
1.094825138889552046e-01
1.122098930761306762e-01
1.163261839602009046e-01
1.227715846710340369e-01
1.346008545178405402e-01
1.584784132284688674e-01
2.216648843686498394e-01
1.574595614586567216e-01
2.216648843686498394e-01
3.365969130482835414e-01
1.094825138889552046e-01
1.111628190519907411e-01
1.171257863824092110e-01
1.246850351444333538e-01
1.358597970665593457e-01
1.828266235132876283e-01
2.059913872872758955e-01
2.014883378422740456e-01
1.712350486106741509e-01
4.029690864243408721e-01
1.088319136703271850e-01
1.143984315086073178e-01
1.163261839602009046e-01
1.163261839602009046e-01
1.192012928666077443e-01
1.085110375604946553e-01
1.118575050716351799e-01
1.175319872731462045e-01
1.143984315086073178e-01
1.091557239710744392e-01
1.159326327110720839e-01
1.196301591729080904e-01
1.196301591729080904e-01
1.246850351444333538e-01
1.288053776979826703e-01
1.358597970665593457e-01
1.605791159903127707e-01
1.844546470164867280e-01
2.418024365000537579e-01
1.384909576624857863e-01
1.136543888725610602e-01
1.277359986624577726e-01
1.333772836330271716e-01
1.526536014766384508e-01
2.133790159063150005e-01
1.405712058225543626e-01
1.878512496841523161e-01
2.690492016132288167e-01
1.081930511796047323e-01
1.115084984795342293e-01
1.115084984795342293e-01
1.147761185840323744e-01
1.196301591729080904e-01
1.227715846710340369e-01
1.358597970665593457e-01
1.491198661516720814e-01
1.535784028484699359e-01
2.160324065320411158e-01
1.316046829316960265e-01
1.384909576624857863e-01
1.398670821050943536e-01
1.450395919471076933e-01
1.535784028484699359e-01
1.739175370731564640e-01
8.105396966299811823e-02
1.288053776979826703e-01
1.712350486106741509e-01
1.767354035751477759e-01
1.018491619335818582e-01
1.029179175201620083e-01
1.282672485507077575e-01
1.739175370731564640e-01
1.391737581888588815e-01
2.059913872872758955e-01
3.966866287895577936e-01
2.670298692028146847e-01
1.085110375604946553e-01
1.057481548254787795e-01
1.183575771043766101e-01
1.574595614586567216e-01
1.187771275506555452e-01
1.458279898677237729e-01
2.805080715518764589e-01
1.122098930761306762e-01
1.155431513539150745e-01
1.237169047709562458e-01
1.450395919471076933e-01
2.457510075404487626e-01
1.896244827986173775e-01
1.327782447163810553e-01
1.091557239710744392e-01
1.155431513539150745e-01
1.686773071518844203e-01
1.327782447163810553e-01
1.574595614586567216e-01
3.087919759836025846e-01
3.593038865578481178e-01
1.015872516947343290e-01
1.051629836858326422e-01
1.712350486106741509e-01
1.261820773496234449e-01
1.508546553550186298e-01
2.083643692201586628e-01
2.936187414073402890e-01
1.085110375604946553e-01
1.054543227544119249e-01
1.333772836330271716e-01
1.412864160911386779e-01
1.435015996275931516e-01
2.160324065320411158e-01
1.828266235132876283e-01
1.151576695296698122e-01
1.196301591729080904e-01
1.896244827986173775e-01
2.310496064156729590e-01
1.972794599414478822e-01
1.179425576064160319e-01
2.805080715518764589e-01
1.094825138889552046e-01
1.104812307352426581e-01
1.391737581888588815e-01
1.878512496841523161e-01
3.009173869476540752e-01
2.868338449295498305e-01
2.457510075404487626e-01
1.048741022465686373e-01
1.091557239710744392e-01
1.725600637053192610e-01
2.133790159063150005e-01
2.745937195696213085e-01
2.344660539504568597e-01
2.670298692028146847e-01
1.132879070844923647e-01
1.081930511796047323e-01
1.261820773496234449e-01
1.584784132284688674e-01
2.805080715518764589e-01
2.216648843686498394e-01
1.914510498572825348e-01
1.072559998087096178e-01
1.155431513539150745e-01
1.304625790507986938e-01
1.896244827986173775e-01
1.662348208808910599e-01
1.662348208808910599e-01
3.475055186607645119e-01
1.094825138889552046e-01
1.122098930761306762e-01
1.179425576064160319e-01
1.739175370731564640e-01
1.346008545178405402e-01
1.584784132284688674e-01
3.009173869476540752e-01
1.163261839602009046e-01
1.167238772104015748e-01
1.223071981435942673e-01
1.442642487074128066e-01
2.805080715518764589e-01
1.781987815039824397e-01
1.466298175842409846e-01
1.078779110122194962e-01
1.125657179958584608e-01
1.293505375501246835e-01
1.517458604535284195e-01
1.896244827986173775e-01
2.160324065320411158e-01
1.508546553550186298e-01
1.063434430891553872e-01
1.091557239710744392e-01
1.327782447163810553e-01
1.554814044525008876e-01
2.083643692201586628e-01
2.805080715518764589e-01
2.160324065320411158e-01
1.118575050716351799e-01
1.352257972311266820e-01
2.380458246587015547e-01
1.310297880622490474e-01
1.412864160911386779e-01
1.163261839602009046e-01
1.282672485507077575e-01
1.450395919471076933e-01
2.133790159063150005e-01
1.223071981435942673e-01
1.187771275506555452e-01
1.246850351444333538e-01
1.251779466581048883e-01
1.288053776979826703e-01
1.327782447163810553e-01
1.358597970665593457e-01
1.466298175842409846e-01
1.491198661516720814e-01
1.442642487074128066e-01
1.564607779473259352e-01
1.767354035751477759e-01
1.896244827986173775e-01
1.118575050716351799e-01
1.069491462255109521e-01
1.155431513539150745e-01
1.171257863824092110e-01
1.223071981435942673e-01
1.293505375501246835e-01
1.442642487074128066e-01
1.605791159903127707e-01
2.108250436681802786e-01
2.690492016132288167e-01
1.125657179958584608e-01
1.209458599347165569e-01
1.277359986624577726e-01
1.508546553550186298e-01
1.371558699753011035e-01
1.584784132284688674e-01
1.288053776979826703e-01
1.896244827986173775e-01
2.418024365000537579e-01
3.593038865578481178e-01
1.060445159915887614e-01
1.091557239710744392e-01
1.115084984795342293e-01
1.266935534711697287e-01
1.595180233891349553e-01
1.952754538469089196e-01
2.690492016132288167e-01
2.499085002271525802e-01
4.029690864243408721e-01
3.869753879400225083e-01
1.261820773496234449e-01
1.266935534711697287e-01
1.327782447163810553e-01
1.450395919471076933e-01
1.574595614586567216e-01
1.686773071518844203e-01
1.952754538469089196e-01
1.595180233891349553e-01
2.246593970989189948e-01
2.690492016132288167e-01
1.151576695296698122e-01
1.237169047709562458e-01
1.246850351444333538e-01
1.277359986624577726e-01
1.584784132284688674e-01
1.861287729785335576e-01
2.310496064156729590e-01
1.327782447163810553e-01
1.223071981435942673e-01
3.593038865578481178e-01
1.111628190519907411e-01
1.136543888725610602e-01
1.339847529227276290e-01
1.499794841864816874e-01
1.075655744580378548e-01
1.896244827986173775e-01
1.526536014766384508e-01
1.060445159915887614e-01
1.094825138889552046e-01
1.535784028484699359e-01
1.674422102083564234e-01
1.458279898677237729e-01
1.272114811400314738e-01
2.936187414073402890e-01
1.104812307352426581e-01
1.151576695296698122e-01
1.293505375501246835e-01
1.526536014766384508e-01
1.662348208808910599e-01
2.059913872872758955e-01
2.418024365000537579e-01
2.805080715518764589e-01
1.674422102083564234e-01
2.868338449295498305e-01
1.272114811400314738e-01
1.352257972311266820e-01
1.595180233891349553e-01
1.797006009567578833e-01
2.589291060060817107e-01
1.828266235132876283e-01
1.616624511634945915e-01
1.241980610123436246e-01
1.327782447163810553e-01
1.627688274964933790e-01
2.083643692201586628e-01
2.638382359278675926e-01
1.499794841864816874e-01
3.718905951823716083e-01
1.304625790507986938e-01
1.196301591729080904e-01
1.310297880622490474e-01
1.466298175842409846e-01
1.517458604535284195e-01
1.686773071518844203e-01
2.690492016132288167e-01
2.638382359278675926e-01
2.344660539504568597e-01
2.868338449295498305e-01
1.277359986624577726e-01
1.321874408249595345e-01
1.712350486106741509e-01
2.499085002271525802e-01
1.241980610123436246e-01
1.526536014766384508e-01
2.805080715518764589e-01
1.200638148723082999e-01
1.251779466581048883e-01
1.584784132284688674e-01
2.216648843686498394e-01
2.542940098924093006e-01
1.352257972311266820e-01
2.868338449295498305e-01
1.223071981435942673e-01
1.196301591729080904e-01
1.828266235132876283e-01
2.216648843686498394e-01
2.589291060060817107e-01
1.712350486106741509e-01
1.391737581888588815e-01
1.091557239710744392e-01
1.155431513539150745e-01
2.014883378422740456e-01
2.805080715518764589e-01
1.535784028484699359e-01
2.216648843686498394e-01
3.593038865578481178e-01
1.147761185840323744e-01
1.227715846710340369e-01
1.352257972311266820e-01
1.526536014766384508e-01
2.589291060060817107e-01
1.450395919471076933e-01
1.085110375604946553e-01
1.125657179958584608e-01
1.187771275506555452e-01
1.499794841864816874e-01
1.627688274964933790e-01
1.352257972311266820e-01
2.310496064156729590e-01
1.739175370731564640e-01
1.085110375604946553e-01
1.129250366230343944e-01
1.293505375501246835e-01
1.427512980498841511e-01
3.009173869476540752e-01
1.914510498572825348e-01
2.542940098924093006e-01
1.163261839602009046e-01
1.227715846710340369e-01
1.442642487074128066e-01
1.526536014766384508e-01
1.499794841864816874e-01
1.627688274964933790e-01
2.418024365000537579e-01
1.261820773496234449e-01
1.420130105102815066e-01
1.712350486106741509e-01
2.133790159063150005e-01
2.499085002271525802e-01
1.405712058225543626e-01
2.690492016132288167e-01
1.266935534711697287e-01
1.358597970665593457e-01
1.878512496841523161e-01
2.344660539504568597e-01
2.936187414073402890e-01
2.868338449295498305e-01
1.627688274964933790e-01
1.122098930761306762e-01
1.241980610123436246e-01
1.310297880622490474e-01
1.458279898677237729e-01
2.936187414073402890e-01
1.972794599414478822e-01
2.310496064156729590e-01
1.209458599347165569e-01
1.118575050716351799e-01
1.405712058225543626e-01
1.638990845595163781e-01
2.014883378422740456e-01
1.458279898677237729e-01
2.108250436681802786e-01
1.237169047709562458e-01
1.256769185276015166e-01
2.344660539504568597e-01
1.183575771043766101e-01
3.009173869476540752e-01
3.365969130482835414e-01
2.670298692028146847e-01
1.237169047709562458e-01
1.277359986624577726e-01
2.133790159063150005e-01
1.466298175842409846e-01
2.418024365000537579e-01
3.475055186607645119e-01
3.869753879400225083e-01
1.101452192949964604e-01
1.175319872731462045e-01
2.380458246587015547e-01
1.196301591729080904e-01
2.499085002271525802e-01
2.805080715518764589e-01
4.029690864243408721e-01
1.227715846710340369e-01
1.136543888725610602e-01
2.083643692201586628e-01
1.293505375501246835e-01
2.457510075404487626e-01
2.868338449295498305e-01
4.029690864243408721e-01
1.175319872731462045e-01
1.237169047709562458e-01
2.108250436681802786e-01
1.266935534711697287e-01
1.118575050716351799e-01
2.638382359278675926e-01
3.869753879400225083e-01
1.122098930761306762e-01
1.179425576064160319e-01
2.690492016132288167e-01
1.491198661516720814e-01
1.458279898677237729e-01
3.365969130482835414e-01
2.670298692028146847e-01
1.155431513539150745e-01
1.213944382287484997e-01
2.380458246587015547e-01
1.482753405259566726e-01
3.173123647235071565e-01
3.173123647235071565e-01
2.670298692028146847e-01
1.237169047709562458e-01
1.246850351444333538e-01
2.187919136626385597e-01
1.412864160911386779e-01
2.638382359278675926e-01
3.365969130482835414e-01
3.869753879400225083e-01
1.346008545178405402e-01
1.378184139701698341e-01
1.526536014766384508e-01
1.781987815039824397e-01
1.391737581888588815e-01
2.380458246587015547e-01
3.475055186607645119e-01
1.310297880622490474e-01
1.384909576624857863e-01
1.371558699753011035e-01
1.427512980498841511e-01
1.574595614586567216e-01
1.767354035751477759e-01
2.160324065320411158e-01
